yt_key=AIzaSyDqajqBcgv8-Qq_SInWzXP18Mzc7VlSbuA
geo_key=872fb4165053b0e38e4ecc345b92d1ae
latitude=47.1736225087278
longitude=27.576325877944296